9.138301925623570909e-01 2.363001982720598804e+00 3.094681227885753838e+00
1.707516231800067841e+00 1.695445506021906246e+00 4.934837064204849355e+00
1.930902053804497864e+00 1.349095840282606762e+00 4.628721266000956014e+00
3.058672343524071024e+00 1.862045441920043842e-01 1.546298140640603336e+00
3.658798740748717027e+00 9.523046562185100150e-02 3.437003227929816163e+00
2.416316414956471093e+00 2.917727210319236875e+00 8.855046141909355129e-01
1.338862748946993086e+00 1.496277208158731220e+00 4.754622094925788467e+00
7.881114854562155658e-01 1.119056400178120025e+00 2.382084786370812779e-01
2.137066605198522762e+00 2.972204045321630073e+00 1.624742773475418289e-02
1.973165727003179715e+00 6.431152559348641828e-01 4.420864944459246715e+00
8.443175594615333068e-01 2.178426650797932851e+00 1.560166589960459760e+00
1.122512778044487236e+00 6.470674882263008909e-01 3.447850906390137027e+00
1.638580500525364414e+00 2.536511039632180609e+00 2.801428722614558886e+00
1.398289738080698230e+00 5.104944346895246010e-01 2.570439176779645063e+00
2.686573900487876809e+00 3.372261444060953295e-01 2.501867154767807300e+00
2.313252952915752392e+00 2.658055888076303219e+00 2.063668375474066785e+00
2.145634182680292046e+00 2.332066290239169781e+00 4.403635154217791836e+00
1.560527733169116749e+00 6.660032988922358621e-01 1.501548362954860494e+00
3.244231095868357340e-01 1.169558615973172344e+00 2.540310524507527923e+00
1.089200028320346014e+00 1.483049921308217556e+00 4.777694796513632269e+00
1.571087144950722436e+00 5.687696472247141255e-01 2.576438997017026278e+00
2.735111373280163072e+00 2.666176215136459859e+00 4.987751492135018339e+00
2.027866071067874643e+00 1.292841684848270001e+00 4.729470819952489080e+00
2.077516323411879196e+00 1.027246224693398879e-01 5.628671906808985881e+00
1.243175677595388384e+00 1.814695591719613033e+00 5.513650171879976192e+00
1.037827620453204203e+00 6.696677192382887167e-01 5.753000798340938360e+00
2.629133906700129586e+00 3.041766575801005956e-01 8.998456446356586369e-01
9.407815940529994370e-01 1.322045673228102736e+00 3.281203149574523081e+00
3.465646239794355932e+00 3.032899420200213747e+00 3.933591423505347962e+00
1.448417339968047557e+00 4.716581338804746171e-01 5.912466143901473181e+00
9.009722390514838253e-01 1.627983504626414391e+00 5.285577589127556486e+00
7.352941357698113967e-01 1.337164293817550975e+00 2.627829474055014547e+00
1.335994723060693001e+00 3.102800669803771338e+00 5.492338720715753020e+00
1.154267851581266768e+00 2.508247537954579442e+00 1.623599695463154191e+00
2.166376131030917751e+00 6.489895213176646305e-01 1.841529995033350353e+00
2.386095587090002912e+00 4.509383809858567016e-01 2.266438345768081675e+00
3.878195073732141562e+00 5.826279368896392086e-02 5.257319659899773789e+00
2.103225149626096080e+00 2.799069490991034748e+00 1.770886965911310895e+00
1.497356365017955993e+00 1.895767184919369353e+00 4.628708988351337261e+00
1.747745129601062208e+00 2.176035553410700985e+00 5.096438718901494802e+00
1.670882018085917631e+00 1.257370683996488658e+00 1.611381774254414090e+00
3.018447017948555189e+00 2.187566444644559738e-01 1.006149674602007771e+00
1.647210544512767161e+00 1.989688862148576431e+00 1.236488889044258244e+00
2.374938200084126372e+00 2.478463109702330858e+00 4.529786264123188744e+00
3.261561829628486731e+00 3.345341493093125784e-01 4.832429617505583863e+00
1.162757495070030345e+00 8.608867613819514153e-01 3.557801296250939771e+00
2.188859701577321015e+00 4.789633534038317819e-01 5.340951372554474830e+00
1.250444481098933913e+00 1.130549337601999049e+00 4.742138297323915452e+00
1.717887104287811662e+00 2.398553582273390550e+00 2.402520206638107947e+00
1.006714942003322122e+00 2.049039204112335977e+00 2.185748998072755356e+00
1.951098141767310779e+00 1.357198921284588744e+00 1.622223505159896106e+00
1.030838418797042522e+00 7.024561883705494614e-01 6.212288769278171863e+00
3.432653360173252732e+00 2.909466252624268279e+00 4.677748565011000892e+00
1.752067567983504048e+00 1.736842879125856776e+00 4.984429880622151643e+00
9.442176770491663707e-01 7.968088204111537509e-01 4.204105852360076057e-01
2.481372808536137953e+00 3.797094039986397274e-01 5.355780994102459225e+00
1.667185623461581834e+00 2.549967494230798604e+00 4.359124660112021488e-01
2.287270243684012883e+00 2.780282414287174930e+00 3.220366056474672334e+00
1.148947205553304318e+00 1.429122272653913894e+00 2.462251266808517247e+00
3.372516548373647449e-01 1.486973434437860231e+00 1.368865030462963261e+00
1.680642424829141168e+00 1.025315661429315295e+00 1.953304122202677462e+00
1.651147176732642885e+00 1.933533934948232780e+00 1.125999788492252129e+00
1.618351305896423842e+00 1.254728465622756861e+00 4.261923677079277439e+00
3.409535053602816390e+00 2.901121943802376535e+00 1.993160345534388256e+00
2.133528908235655219e+00 2.605289258734233115e+00 4.877953149393070120e+00
2.212076585804128026e+00 2.379139921149307391e+00 1.565125335376701621e+00
1.430334135263776396e+00 1.800677262891018593e+00 5.046028586127568438e+00
2.334927262219478994e+00 5.993705063247769527e-01 1.075711185563415384e+00
1.882075204389253242e+00 6.203938010472436204e-01 5.152458249945701674e+00
1.964867524231975526e+00 1.636115924237731001e-01 1.106830110754197349e+00
1.677789121128126615e+00 2.473387214227590558e+00 4.377434814340244174e+00
1.267517883961134739e+00 8.058505598885347121e-01 3.041788452784230490e+00
2.325683751465674298e+00 2.754956111369846639e+00 1.095682487438778274e+00
1.653114963882057475e+00 1.129531464710630928e+00 1.768533993793344195e+00
2.205049652477879985e+00 4.675599999832451559e-01 4.616602437014706517e+00
1.037822527707458198e+00 4.972569493796104023e-01 1.975581649928832562e-01
1.920059074265735299e+00 1.751681775397437191e+00 4.784687455332325534e+00
2.968225967378447461e+00 2.952447735392627060e+00 4.381933440563535953e+00
1.043408890565134639e+00 1.128874322629226157e+00 4.324548352819357788e+00
2.092946483098530486e+00 2.715195378920379099e+00 1.827864057600660175e+00
1.583570013065617399e+00 7.756216313976141974e-01 1.141270706862693274e+00
2.736516527896226236e+00 3.270114213758845700e-01 9.685771469993067484e-01
2.668279157603265173e+00 5.149120745475628258e-01 4.561163336033590809e+00
2.084225565207224129e+00 2.690899302008429306e-01 2.717521581556781030e-01
1.076334008519234109e+00 1.182228925924024399e+00 2.141398974684772583e+00
8.259390929793617442e-01 1.287948303598827060e+00 4.775105242963083363e+00
2.950675744627025421e-01 1.076675857740844400e+00 3.676110714545135494e-01
1.512151436403075921e+00 5.206588197338055668e-01 1.971871616471291944e+00
2.680496846453063853e+00 3.110471685444060608e-01 4.764549029583695194e+00
6.391972250427534474e-01 5.934518942075006631e-01 2.855214072417719962e+00
2.994957887824671428e+00 2.676203880374361521e-01 1.948278020317259163e+00
1.165175038010095809e+00 2.839101327169131217e+00 4.322418740444518903e+00
1.076471870643403772e+00 1.057997684766549540e+00 4.652539685654326185e+00
2.814558013845800843e+00 3.012993374978960581e-01 2.297356860802853618e+00
9.822262985197853791e-01 2.735997383265218907e+00 4.970252296393358193e-01
9.935770779287829146e-01 9.403572919826782561e-01 5.600592803967175293e+00
2.976095289987962911e+00 1.683689097091651821e-01 2.395810410284814118e+00
1.938458145501326946e-01 1.226204272368844439e+00 1.979058223613533229e+00
1.946937281624025129e+00 6.603575309155300666e-01 5.204032887086212256e+00
7.611320222160471438e-01 1.857134811291414334e+00 2.528016130128972527e+00
3.016222840521385340e+00 2.861355115702991725e+00 4.209221961329966177e+00
9.941080489522468033e-01 6.221471326416252445e-01 4.752278510810024059e+00
1.949174580933667356e+00 2.836643069732019740e+00 9.923129663488783336e-02
7.152635238985676214e-01 9.802942321010179594e-01 1.741110293640781848e+00
2.583808111339974456e+00 3.085710213086479747e+00 4.364777803080599483e+00
1.200700153626090838e+00 7.158922143439103714e-01 5.526718417250810589e+00
1.878753282051028872e+00 2.714423734032609836e+00 5.402078851579159569e+00
2.348926931618765312e+00 4.602926473700497123e-01 5.224813449635711926e+00
1.789695901684873247e+00 2.721193062567866416e+00 1.576215839942876507e+00
2.918451445434333547e+00 3.047438341530895656e+00 1.200342189140369165e+00
8.367557017172688738e-01 2.400750385909410145e+00 5.407378651636713052e+00
3.082948702461253188e+00 2.830804295588558617e+00 5.270119512947590401e+00
1.272442390320031702e+00 2.210003908320090193e+00 3.836956200549304086e+00
2.107036283509823082e+00 6.799282524770249303e-01 1.987220515380191621e+00
1.697577338148241743e+00 1.738866194981845359e+00 4.612881176565087671e+00
9.208697606018775295e-01 2.191126542802765975e+00 5.306055682637422777e+00
3.120333054691272423e+00 2.883806334261751481e+00 1.007706606714513065e+00
1.650339734955195148e+00 6.624182893701681119e-01 1.558200109391602695e+00
1.695610568084051861e+00 9.930865605869474422e-01 4.222726820783993418e+00
7.735092067869511201e-01 2.345981235263742803e+00 4.157127779289901071e+00
2.376285572850460603e+00 2.711608195247408926e+00 1.930807475565077702e+00
1.134383887343072272e+00 2.790905498697318077e+00 5.266601452422706053e+00
1.433424962294169269e+00 7.551239518235497439e-01 1.455655908958462419e+00
1.567596988157929028e+00 7.267357334636513899e-01 7.855567046520413044e-01
2.128986697254073857e+00 3.124487722778277465e-01 4.199902846266958534e+00
8.804657112604704627e-01 1.181951309334478228e+00 2.089385912967527403e+00
1.850251026483106687e+00 2.128124397312033622e+00 5.053158992595193411e+00
1.468430881172734903e+00 1.420084307567609283e+00 4.662523309843948915e+00
2.889706043578977646e+00 2.874704698144348036e+00 2.425360618922316469e+00
2.294781723437436582e+00 2.850726284259892829e+00 2.030588121902930254e+00
1.963862358238619432e+00 3.048450030626958185e+00 3.528501659535443480e-01
1.122940444534450855e+00 1.133619403439137585e+00 2.839138658438892904e+00
1.452704907388091771e+00 4.396945239861629329e-01 4.626493145208268487e+00
1.310979148499717528e+00 2.828279227189051781e+00 5.784443381090641267e+00
2.990779425069772124e+00 4.010658141339595861e-01 1.343039876437160274e+00
1.123363916987517364e+00 2.712794377886849517e+00 1.913176913778962707e+00
1.635585756247541989e+00 6.426389576892459488e-01 2.392945945456108614e+00
2.851911117892472980e+00 3.032422846306248587e-02 1.355858242296827498e+00
1.352995676972912786e+00 5.911201724000162416e-01 4.727804674470865720e-01
3.330960535588717075e+00 2.280654877011696335e-01 4.122909359708994970e+00
2.739455988916106755e+00 3.189525844684162337e-01 1.643382261409601419e+00
2.061915985818136399e+00 7.048208868949672468e-01 5.081942516360334672e+00
3.612088983852010937e+00 3.026485679928184958e+00 4.144150407608794495e+00
7.238853455498696077e-01 1.938484002457865341e+00 4.129418608091341980e+00
2.756335371361572584e+00 2.763717599941768022e+00 4.792877170562615419e+00
2.978415192135237977e+00 3.315692679692392453e-01 1.412791186907505825e+00
3.744768109514146293e+00 1.845890390393409852e-01 1.803354349744850538e+00
2.367220836634334802e+00 2.964085690792688688e+00 9.408954076845166270e-02
2.704569978009893294e+00 2.431321534704409260e-01 6.699512630251138745e-01
3.084700923324668942e+00 5.563057970702467436e-02 4.797012970352639627e+00
6.061345006123849410e-01 4.218586977920426584e-01 3.183718257255646833e+00
8.156768541856209698e-01 8.756663045075434582e-01 2.785883763294451310e+00
1.214821754211089733e+00 2.298961478865086949e+00 5.125303254322197688e+00
1.826619975085652436e+00 6.384399734317779407e-01 4.307335878632718718e+00
7.370925712359251980e-01 1.467124392752751305e+00 5.811992765853112530e+00
3.119800280789442937e+00 2.769416497361680829e+00 5.103456142007051888e+00
1.316277541544315088e+00 1.800632178572761921e+00 1.482145577277414361e+00
1.175672793975197639e+00 1.243241847970587344e+00 8.028796630950907343e-01
3.071566518637558474e+00 4.582678839600899945e-01 1.374018459319946928e+00
3.173870624643075899e+00 2.725327805555280314e+00 4.601727193383620573e+00
1.847249503333550091e+00 3.863373087670656236e-01 5.270482479169803725e+00
1.918393660008371304e+00 3.387084685820593855e-01 3.993821186436047554e+00
2.548247850289397487e+00 2.907409645060161640e-01 2.131061895241753490e+00
1.683688329420162777e+00 2.277997236658616309e+00 4.918292805645160470e+00
3.962557127012504843e+00 3.086467097868577980e+00 1.654121872462161136e+00
8.513546217881514666e-01 1.103429281092353609e+00 5.143975437509557658e+00
3.419975485257923609e+00 1.727759504522581313e-01 6.853500306706585832e-01
1.809111205968547020e+00 1.707102784474596069e+00 1.671380647821421483e+00
2.412920911535779478e+00 2.442294865236559254e+00 1.327640310965245263e+00
1.734642510828291240e+00 2.484729089128896895e+00 4.381775960646447032e+00
3.381613706698712196e+00 3.023862782058285070e+00 9.370346944154839264e-01
1.722276076153934854e+00 1.417869146501570476e+00 4.532753542397466973e+00
8.425998715964372332e-01 1.410935292064088964e+00 1.468779665216969121e+00
1.607506514685366650e+00 4.524047345994484104e-01 4.163788635984028375e+00
6.290462131678874469e-01 5.248693327605622461e-01 4.710314007216735988e-01
3.610348317343925029e+00 1.908080297101222289e-01 1.173378920528109326e+00
2.738723496962384374e+00 1.892461190980316843e-01 1.934505901761204072e+00
2.323976166590538739e+00 3.375223691701245698e-01 3.683338430672613129e+00
2.631218190369667642e+00 4.460657057227328526e-01 1.731319340625778302e+00
1.371062742855135408e+00 2.245406604853721344e+00 5.132454046955434279e+00
2.210525079291995265e+00 2.763803595178909056e+00 2.761604810505830621e+00
2.510857823651509335e+00 2.562526913027865838e+00 4.891490602087393391e+00
1.561972803673006283e+00 2.764341280384384092e+00 5.451967426418877771e+00
3.177035988418676737e+00 2.945648898013487837e+00 3.534360517066186702e+00
2.945285097597984514e+00 2.988142523832185482e+00 8.628393674864582863e-01
1.632765902936427427e+00 8.232788040657967876e-01 4.327250176520383462e+00
2.097003773482819078e+00 4.397882691270980082e-01 4.954387329411497731e+00
1.216280610668080131e+00 1.367985724415763382e-01 1.839286277754279553e+00
2.515781379745167801e+00 3.223643698347069542e-01 4.691374230060119110e+00
8.981818483120749264e-01 3.311212253915802872e-01 6.156635406500637231e+00
2.780451881789647306e+00 2.872368412669185744e+00 4.237016817821867676e+00
2.241125580283588103e+00 3.397604501106716857e-01 1.567876454507767470e+00
4.340578579810598359e-01 2.030450649232138360e-01 2.439086891763038167e-01
1.902025542213412024e+00 1.844745024590712879e+00 1.756757513936716641e+00
1.339214614460301211e+00 1.784381245692256757e+00 4.328735262901480141e+00
1.892545149104994717e+00 1.509815267270419037e+00 4.691817531336218927e+00
2.540861482188866649e+00 5.378654877422499592e-01 4.651357291367958169e+00
2.298522663609156691e+00 6.227075663035545050e-01 4.694291256453306360e+00
1.618534667339645017e+00 2.451576006122481832e+00 2.279426417406629213e+00
2.548820840797086262e+00 2.914972535002948284e+00 3.908022783283376711e+00
1.737827795440535228e+00 5.592928753876862391e-01 3.034190714936773947e+00
1.613985920848761024e+00 2.086130089780163566e+00 4.982265270354783837e+00
1.955608137435191907e+00 1.094519265233268257e+00 4.807184036007742911e+00
1.670850392891416680e+00 9.441712195964799825e-01 4.913189241209117597e+00
2.517513262456392731e+00 6.754601948886870266e-01 1.722029139046375334e+00
2.383753213647003655e+00 3.202089273378219136e-01 2.095874389218042921e+00
3.500662784613053358e+00 1.244762621964554672e-01 4.877425547105532999e+00
2.060545974172840467e+00 3.939538693037782924e-01 3.005716879061387736e+00
7.499186616285421492e-01 1.147493590645195072e+00 4.948813258346647537e+00
2.212319891797828397e+00 2.546180326894726953e-01 4.874006871254607631e+00
8.660569673276116154e-01 1.426050577718389611e-01 3.471709078581922014e+00
2.628093038589246255e+00 4.801113601441906464e-01 1.624413873493762317e+00
1.904388347568934936e+00 7.285878353988697320e-01 4.285713381139650835e+00
8.308478647584967014e-01 1.147547968018352238e+00 3.232454133639551586e+00
2.963092511291915976e+00 2.704709951267200818e+00 1.681883085760365049e+00
3.171650821184819335e+00 3.116637274612870989e+00 2.541050506404747278e+00
3.044550527196761003e+00 2.921782146070530661e+00 6.924243521193780282e-01
3.350670106493967904e+00 2.982682511818564919e+00 6.174332200793489989e+00
3.837830084013103882e+00 9.186256589995633881e-02 1.218357944562952433e+00
2.524508718578740041e+00 2.547238776007422878e+00 1.781899286368357593e+00
1.403831837922764336e+00 3.808841442825610102e-01 3.385823592984628760e+00
2.293110945659733169e+00 2.472218348059181281e+00 1.565161731700626113e+00
2.720931411307845327e+00 5.896565990265844048e-01 1.576452574406097540e+00
2.592597343034594992e+00 2.799601223566977382e+00 1.830601634374827924e+00
1.156444048546228842e+00 1.147922436215222275e+00 5.667340186571578897e-01
1.465641288624071725e+00 8.142752412990511557e-01 1.335613838784108331e+00
1.384296521845451267e+00 1.092937360438644978e+00 1.161745158119106947e+00
1.718183482485287294e+00 1.919322746143529823e+00 1.217691632951989789e+00
3.145600007235192841e+00 2.462744946743693486e-01 1.093836226608621232e+00
2.241796352474993093e+00 7.042299456207153918e-01 4.376606107272493773e+00
1.955185304435659965e+00 2.495883010931514878e+00 1.483187602284633755e+00
1.858025580355944451e+00 2.541318060262437228e+00 1.715968162216574555e+00
1.881973830877843978e+00 1.641979827738277775e+00 4.758917227633686409e+00
1.664297672884593515e+00 2.287147512767725210e+00 1.100858499333976503e+00
1.173028968463513344e+00 1.474857477243617820e+00 1.326756921606428996e+00
1.574562223997356902e+00 2.215185850476287577e+00 1.149741157164571703e+00
2.276253006968639081e+00 3.497428025754381054e-01 1.499372133970513055e+00
1.325679195907798702e+00 1.106093555556817210e+00 4.735860236610832885e+00
1.567163876609321438e+00 1.588918578024615114e+00 1.498045995459245994e+00
1.711579390210994145e+00 2.276435625390891282e+00 5.386451189756914282e+00
2.625687607044673300e+00 2.731773276690032670e-01 2.119645706387799144e+00
2.298162411537505445e+00 4.470115524467130896e-01 1.072773493924143118e+00
1.217177821577892560e+00 9.934072093847938767e-01 5.799617343893125998e+00
2.084670493898475030e+00 2.265191845295906337e-01 5.862835552402551720e+00
3.745677131504513646e+00 1.264037817669345642e-01 4.253163157858901755e+00
2.643394648479294951e+00 2.643243870950318097e+00 1.832551022251562856e+00
1.047267094523565145e+00 2.757114157565497603e+00 5.952671161711744929e+00
1.478454416655437864e+00 2.266544917572032247e+00 1.273909403959285314e+00
2.908291378773434577e+00 3.203209377326570184e-01 1.530175384945213324e+00
3.017415586196869448e+00 4.238693993812399086e-01 1.467430801114167238e+00
1.515132231445935007e+00 2.269589753633580287e+00 2.086942502478713379e+00
2.370520079698478888e+00 2.732996528408394354e+00 2.479451171413340038e+00
2.229359589461582303e+00 2.811245214869542153e+00 5.766511416639438004e+00
1.778827424473239605e+00 2.100049802984115921e+00 1.124708543613831324e+00
2.879358375757616439e+00 1.876437273277946627e-01 4.084036055647745300e+00
7.193506760982915083e-01 2.233536734879868924e+00 2.499988512402538721e+00
9.992404050928496151e-01 5.391182355861678932e-01 6.181662581020222369e+00
2.126630863466896226e+00 2.691938778316471659e+00 5.735653342371428209e+00
1.839916369734283519e+00 2.024416179700762264e+00 1.887508076497627307e+00
1.567901761828633944e+00 2.892137285786805734e+00 5.200422511138182102e+00
3.405867248903279076e+00 9.511300910596620639e-02 5.506878753676192062e-01
2.632312350734765438e+00 2.961953671748793759e+00 1.399325757716169072e+00
2.538890003863727873e+00 2.407504766597329482e+00 1.423413140020306500e+00
1.743520244158734744e+00 1.008013615275852759e+00 5.133414004152649923e+00
2.010490115782381348e+00 6.932025934483371232e-01 5.251016029192696166e+00
1.907220272276096473e+00 2.851360606801605080e+00 6.197199354748647693e+00
8.594893620137608048e-01 1.818998763512844175e+00 2.195924095207372417e+00
1.700896798198871629e+00 1.654231290796598142e+00 1.933946908536663400e+00
1.711244580553294314e+00 2.325587332175358402e-01 9.648068562491953770e-01
1.208297504791539412e+00 1.417711973026795080e+00 2.377596113955380286e+00
2.353463493189527078e+00 2.773541780037275473e+00 2.896308337098218555e+00
1.501669717459897413e+00 6.032135307761850029e-01 1.205513770113234351e+00
1.572294379778845785e+00 8.496941116356923063e-01 5.268759403301696231e+00
1.545617753589799248e+00 1.030732761144858012e+00 4.338816292594975366e+00
1.254056440837451714e+00 2.335725805800212385e+00 5.404946034160053259e+00
1.106858812489629695e+00 1.278673840817843077e+00 2.224099216932709844e+00
8.117849964116893302e-01 1.103577666506934118e+00 4.485833842449249431e-02
1.381641788517779412e+00 1.392673148845740450e+00 1.171488459464550935e+00
1.207109293656790205e+00 8.667602324704535288e-01 5.429175705658865425e+00
1.198785902690560068e+00 1.701027901585564939e+00 5.485737368738728748e+00
3.104697539890639568e+00 3.030125621371576372e+00 4.115303431898666986e+00
2.164274347895081885e+00 2.608695135636450502e+00 1.837938009484660462e+00
5.946350242400949559e-01 1.779895205460513496e+00 1.526118493769894613e+00
1.177540783913132216e+00 2.591463387819652908e+00 5.307833812298352605e+00
1.575470225872688257e+00 2.508097036007864933e+00 1.957847368118377673e+00
1.578632756814289273e+00 2.413543809480431790e+00 6.563992969759162577e-01
7.500123478892678497e-01 2.053582085879146923e+00 3.026528595381271725e+00
1.346841357047477539e+00 2.650607411106033151e+00 2.923671292892384699e-01
2.106667955666071013e+00 4.059868256429766120e-02 4.939917838512252857e+00
1.932615250080941038e+00 6.123303385189219350e-01 7.451467893967915757e-01
1.380396328465878009e+00 2.361911502083202663e-01 4.176547453394402254e+00
2.285514233652085281e+00 2.182984224051882638e-01 3.636177821510912622e+00
1.935422452693438267e+00 2.738063031648436230e+00 5.421887151034741059e+00
1.677979159502060558e+00 2.448487423427097021e+00 2.002867124939963439e+00
2.287028177429143661e+00 6.511449615604947283e-02 3.147538046277356116e+00
1.904356646660598340e+00 6.123154032992610407e-01 5.195472695682331832e+00
1.591230767034176097e+00 3.359617048462268940e-01 5.690769943333431335e+00
2.611203522007813138e+00 5.836141698485231011e-02 2.611074253392988709e-01
3.091850039519949966e+00 2.707369841653695097e+00 4.770076723346086567e+00
1.053187085930178180e+00 1.120923101964214963e+00 4.855980377309601081e-01
1.784962333190116546e+00 1.212568603251262145e+00 4.413655341468164295e+00
1.870109755926721018e+00 2.806175007275261812e+00 1.783293037731008113e+00
1.493240536925135808e+00 2.133923730934908392e+00 4.751495806249191212e+00
1.427150586810432387e+00 3.514413290194142725e-01 1.331229426639254143e+00
1.250649095543054035e+00 1.402815769514518474e+00 1.806478175476939896e+00
1.498425971980539950e+00 2.386306201009371186e+00 5.268759221948468685e+00
6.233801828798952727e-01 1.151537820500681431e+00 5.158634154371886105e+00
1.216661974678827196e+00 1.623644149601098929e+00 4.148385767174843863e+00
9.060068407348533803e-01 1.057537159270058424e+00 5.337259614573834909e+00
9.632588357057111361e-01 2.694712948315494572e+00 4.192383919916416346e+00
1.793433589524150884e+00 2.650009622428445510e+00 1.373585551949300765e+00
8.378038439243579161e-01 1.685424032840602715e+00 7.727380046729583896e-01
3.052285630434289576e+00 3.075102292910443680e+00 2.324294186451677735e+00
1.882964434007344146e+00 1.143442666736999014e+00 4.597368468606718217e+00
1.063484175895939243e+00 1.032349529785796527e+00 1.723144190367108308e+00
2.287923321448016356e+00 5.131615944384562145e-01 5.273364038713937774e+00
1.899588476582546370e+00 2.773292398321294261e+00 2.093159583631802434e+00
3.073739309523356056e+00 2.932586114014243961e+00 2.295029094292735383e+00
3.550022623252787835e+00 1.099573649692213717e-01 4.824373235610446287e-01
1.270843600964457476e+00 6.459049337661423307e-01 5.787375385099378988e+00
4.374073113973611648e-01 1.115769760106086972e+00 4.586851901512029706e+00
2.829310121438329606e+00 3.020130189565453094e+00 3.633125714543027129e+00
1.100636283449945685e+00 8.202367315216908539e-01 3.088409325087298818e+00
3.147053395552683153e+00 2.347461657367082566e-01 1.854465231803652969e+00
3.165504428496768607e+00 2.959816173843448084e+00 3.815601412901417078e-01
1.195945131204140033e+00 1.628759224709084075e+00 5.026494039475139175e+00
2.397847218590900553e+00 2.437926560735507397e+00 1.523417260135754958e+00
1.426178469765674306e+00 1.762556580168760378e+00 2.063439433638152742e+00
3.128350978003592964e+00 3.051500572578758508e+00 5.659438570561365900e+00
2.344773137366802374e+00 2.735135564383803786e+00 4.596663507860110798e+00
1.958905316060025381e+00 3.712614838486445468e-01 6.168137208070370470e+00
1.454110857109027766e+00 2.425371793048539892e+00 2.787228735594936779e+00
1.918680514619470756e+00 8.399297337785743833e-01 4.772962766413082036e+00
1.934282391924459832e+00 8.337195723590763441e-01 1.077363042721469100e+00
7.098520049148451250e-01 1.280397099193837818e+00 3.176942296143392852e+00
2.483450434687354935e+00 1.792415390427235522e-01 2.876207236472185791e+00
1.304866192487426080e+00 2.271640714152094453e-01 3.234449352788400844e+00
1.883168046658932004e+00 2.736506395486775212e+00 7.612603531209494179e-02
2.526604537053004140e+00 2.647338851236002100e+00 4.362531136861223402e+00
7.010703217449724134e-01 1.761713614320036703e+00 5.363545245274941919e+00
7.620496737606035076e-01 1.096215652058175172e+00 4.014144060931169378e+00
2.748911645665764958e+00 2.974995771288021729e+00 1.497343292581687635e-01
2.275252623137659302e+00 3.648551627504799111e-01 3.392537112699903545e+00
3.492103172173648407e+00 3.017863911469044869e+00 6.108457972194225150e+00
1.697745398701688391e+00 2.189911313009871296e+00 5.029319877349420764e+00
1.009975852677685859e+00 4.981544531122019670e-01 4.449598977981310099e+00
2.093903836106823402e+00 2.791046510580096562e+00 5.765496616118600315e+00
1.677540058390745159e+00 4.398993859611006751e-01 4.230573745459102142e+00
2.651084759839210658e+00 2.936135930059857735e-01 4.410421398326189291e+00
1.778848592485367863e+00 1.514985335761326324e+00 1.750929541520623189e+00
1.255851421736699836e+00 8.713029982890867498e-01 3.905334868829722694e+00
1.526834787228621648e+00 2.193790074134947865e+00 2.302071140856909448e+00
2.200176276196661451e+00 4.164046162756627201e-01 2.404000118966434396e+00
2.336484088456251662e+00 3.277045891388761234e-01 3.377455902644047825e+00
2.965953910559230522e+00 3.111697859034290303e+00 1.430897249618258371e+00
2.045413419251242093e+00 2.463587992690408512e+00 5.042517181665466808e+00
2.522941005250804558e+00 2.758062445221868497e+00 1.968429952721351128e+00
3.753575239682104936e+00 3.056268888251161719e+00 3.831484954327855519e+00
2.467879943533787923e+00 3.126052061652542235e-01 5.297965254523759882e-01
1.820896713480090634e+00 2.916032814306814380e+00 5.380766292239530735e+00
1.821271814866936012e+00 1.337652435259497619e+00 1.344087243645432750e+00
1.713592530120930713e+00 2.696198572069070654e+00 2.326102083791117714e+00
2.033028135201325970e+00 2.449337481717451581e+00 5.304055231331437525e+00
2.289247879861254553e+00 4.554380968290951959e-01 1.686293589018813321e+00
2.688442889146116510e+00 3.947147690037466905e-01 4.592501832837545983e+00
1.895602164668275025e+00 2.748245596131263291e+00 6.110792728151706932e+00
2.371474482796435357e+00 2.333605551291784153e-01 1.216452759180487675e+00
1.048087106638275978e+00 8.593577649789634343e-01 5.776543659895194693e-01
1.829971263745403309e+00 6.033006885479782477e-01 3.756375554033773767e+00
3.663512055745330454e+00 2.954895420173933918e+00 1.677237609367697502e+00
1.393720009795514470e+00 5.238349493120371125e-01 6.114946715273500644e+00
2.023909575599681432e+00 3.522357407244625094e-01 5.103823936407065887e-01
1.710896664656836652e+00 6.754016739336017316e-01 6.045656953413649504e-01
1.254284126432621216e+00 2.527832054806776085e+00 5.746033414443509457e+00
1.877136737416405410e+00 7.629598760127147550e-01 1.148138996224469466e+00
2.417709691133582250e+00 2.724287300833641012e+00 1.020003434814435117e+00
2.927129015236325404e+00 2.750558251518847808e+00 4.457478394908488184e+00
3.324200212776318164e+00 1.578551682694584457e-01 4.048708078285789824e-01
2.362400513711092387e+00 2.668222401431002311e+00 2.017207221006946938e+00
9.928941186808057928e-01 1.742864363054142718e+00 6.161619103931524677e+00
1.465635606975680405e+00 1.146480573271513759e+00 1.966574796689359417e+00
9.686351331804194942e-01 1.595844480742202753e+00 3.171283042015037523e+00
1.999440389419879782e+00 8.420904993843780773e-01 1.684216613407317098e+00
2.793312110134357429e+00 2.720552799146660039e+00 4.980752376221770916e+00
1.019281475323250863e+00 1.697885990732907802e+00 1.036153008036379219e+00
1.656484264532278150e+00 2.948394715546636569e+00 2.235625592983222276e+00
2.621767958953240107e+00 3.078610331349384222e+00 3.094813901597434747e+00
8.585287445273285245e-01 6.885572624569424871e-01 4.963532597703318672e+00
7.543093474280803123e-01 2.654079442747458106e+00 3.377058285415053263e-01
1.225544177439987337e+00 1.635491398179588662e+00 4.153832362883726148e+00
2.521460217053122843e+00 3.015358609645162336e-01 1.895548095969123992e-01
1.252062616892316349e+00 1.825618355758377387e+00 1.038389192894796587e+00
1.841317743915728666e+00 2.494114553299145776e+00 1.115983656969829596e+00
1.769865518567441010e+00 8.161376093322163516e-01 1.273081891917125397e+00
3.196899108811746437e+00 2.812985865618121029e+00 1.514561179647186506e+00
1.177682831654159878e+00 1.962307445188620436e+00 4.301362664371092492e+00
2.053686623897996277e+00 1.087441994955566482e+00 4.864806027891954265e+00
9.550092452427922929e-01 2.403523786745942026e+00 4.022520953245667386e+00
5.439611627643572422e-01 4.207040879853658488e-01 3.332270991248837078e+00
2.248930358262012597e+00 2.696962194984775074e+00 2.245016447763202194e+00
2.794566405182425939e+00 2.633774924147876284e+00 1.609180259873098429e+00
2.505838832906856162e+00 4.527379832635498591e-01 1.949533414207309967e+00
2.352786227143879028e-01 1.286214839747875871e+00 4.129338962998179596e+00
1.802168310648228911e+00 2.522500700156187214e+00 5.722383193200367479e+00
1.225233089483155569e+00 1.967559830761571371e+00 1.068909515405749744e+00
1.416681726055896595e+00 1.890762565698090647e+00 2.219763406605890665e+00
1.192208196395248443e+00 2.925762120754848539e+00 3.982127675778524889e+00
1.705011388035678532e+00 2.381506902832351003e+00 1.182073147610330999e+00
1.859602299758837951e+00 2.717369183701633162e+00 1.242684005663831748e+00
1.311098357162136629e+00 2.682858918435570672e+00 9.706241795476806544e-01
3.498603112101849710e+00 3.055556738279429752e+00 4.960942591943567237e+00
1.251128332604145132e+00 9.297095315101688850e-01 4.003013277424429361e+00
1.784306042002897774e+00 9.926026187278474966e-01 5.199762544717627222e+00
3.409099360035009685e+00 3.186481545638684132e-01 4.463897869082474656e+00
9.873740418099885563e-01 1.526898847203191023e+00 3.946433465066325752e+00
1.159714951391033866e+00 1.827709918490154184e+00 5.562965691080020036e+00
2.460660205633431019e+00 2.980103000849577022e+00 1.433442068293526717e+00
1.565564845097349833e+00 8.032140061180026436e-02 3.135042768606499664e-01
3.252230615972320216e+00 2.462108645472040891e-01 9.040328956140752936e-01
1.077776238211415993e+00 1.432613084950121962e+00 8.909613670694227494e-01
2.021040319094094428e+00 2.796939378060600667e+00 2.522366876900417054e-01
1.195835947053901727e+00 2.765700197002000316e+00 3.138104264844626012e+00
1.934982035817630841e+00 1.617375090235874557e+00 1.509044789980698908e+00
1.602762359495459865e+00 1.811622934485675351e+00 1.781636006294104568e+00
1.085957932139727911e+00 2.145207553689367774e+00 2.825605496144214968e+00
2.058055253802111295e+00 2.371657918855535563e+00 4.354675036591636683e+00
2.516630202706825248e+00 2.836757456332040128e+00 2.157269505167175083e+00
2.065681182651550429e+00 2.617374639486508947e+00 5.307590968447863489e+00
2.480339308650414853e+00 2.518087810784588321e-01 3.039221249776364431e+00
9.427036887466961890e-01 1.810522750402411729e+00 2.168765804837224032e+00
2.090162543859994670e+00 2.319768409489401773e+00 4.503814241882134084e+00
1.594965786767900129e+00 8.643880987382288605e-01 1.829221228137327238e+00
1.837998684321505038e+00 9.088060801645816422e-01 1.393755647695591016e+00
1.260739655194652364e+00 2.538297607958487578e+00 5.480066489009814745e+00
3.062925913414311196e+00 2.783756894229062695e+00 1.213809995852828116e+00
1.192020472528215524e+00 7.339854070021895049e-01 1.639678185810534039e+00
1.444418734816039773e+00 2.042377655618981880e+00 4.649737100003831891e+00
2.157727007536573094e+00 5.151565217110376516e-02 4.074236856535828011e+00
1.612056852961783804e+00 2.491296600419906859e+00 4.106766510271732784e+00
1.269405531106489127e+00 8.658162580218594639e-01 1.950303913430797564e-01
2.302904340827046425e+00 3.604489473197156624e-01 7.231454952719840179e-01
1.906476747996274534e+00 2.764876507514978154e+00 2.719935342060487482e+00
3.118189654249226006e+00 2.804609954015039097e+00 1.675269629934525106e+00
1.639175253165511936e+00 1.448437921678485063e+00 1.802286124581330640e+00
1.853214058048336721e+00 9.183110957647531158e-01 4.714382778095522752e+00
1.567178114585734638e+00 6.775380382123197265e-02 2.696391061805788691e+00
8.209209254982171577e-01 1.334333706060650160e+00 3.960258912770207473e+00
3.285104044912765531e+00 2.881674815771568809e+00 4.743447252658874902e+00
8.144214317007163473e-01 2.205723666736028044e+00 4.629418226544685488e+00
2.019369451273837157e+00 4.219037682073041307e-01 3.961419858174959785e+00
2.741055306540425729e+00 2.254220513939868553e-01 5.909022133863226500e-01
3.654182206028381064e+00 1.955104887495646704e-01 4.841120582715975118e+00
2.315817481391737154e+00 5.647060165867119341e-01 4.795668262671988202e+00
2.709479182883215653e+00 2.515005298991288551e-01 5.734052154681616997e-01
3.222897815272252497e+00 2.903979128915155528e+00 1.644934566047315805e+00
1.322214765882882448e+00 4.121055151001304928e-01 5.308184548488676491e+00
2.309555990458371788e+00 2.750141700562184432e+00 2.288333085183185123e+00
1.323182592707627059e+00 7.773372909362881167e-01 4.594715736770231373e+00
2.892601948933617884e+00 2.869889391464839790e+00 5.509728647588578276e+00
1.244021473993047744e+00 2.805742489948309881e+00 2.817422702476546803e+00
2.034623963132898616e+00 1.012825802278120246e+00 4.538996901207529078e+00
2.413457167497761624e+00 7.452473470244845855e-01 4.503075577606249880e+00
1.914517268802163441e+00 1.893915953222413684e+00 1.589834202599901047e+00
1.387805568680203328e+00 2.373300854281758632e+00 3.565295867683881070e+00
3.259369512796708612e+00 2.861906198543329616e+00 2.034061686598892749e+00
3.888377747092464087e+00 5.986502532838811064e-02 5.990796293650801907e+00
1.148407928011332846e+00 1.015279842641570340e+00 1.680172849528494439e+00
2.109347736588195410e+00 3.244941059289621066e-01 4.669045659273409754e+00
1.189928151783802290e+00 6.418503261034562701e-01 5.796322380866384627e+00
3.152256932754985197e+00 3.019822555183282908e+00 5.875358370783168027e+00
1.741668869428716571e+00 2.104118745180732386e+00 4.226361266829472996e+00
2.738651191420065079e+00 2.871677059625859840e+00 5.334841619071619689e-01
2.120435901211727536e+00 3.481979297716761845e-01 4.257078006949722493e+00
1.711387524965942264e+00 2.991394268570682691e+00 3.588713892994622512e+00
3.180032211867942493e+00 2.741769917425092018e+00 1.442020431545753212e+00
1.870261863086313037e+00 9.626779892318575449e-01 1.476612904957206318e+00
9.779693094239408913e-01 9.241704289519815374e-01 1.964027363945097804e-01
2.688743020662464289e+00 3.577289790011795034e-01 5.262850814555822154e+00
1.498550230331546329e+00 1.956089647328875580e+00 2.125170073873136722e+00
1.507775849007165325e+00 1.316651248574734590e+00 1.819246183820087737e+00
1.663857016277878298e+00 5.822917806847665023e-01 4.699428437595675412e+00
2.012110210912673391e+00 8.332513041295864786e-01 4.517147861306746393e+00
1.641551718334495646e+00 7.847987670604014143e-01 4.126535132405276585e+00
2.477255945765590717e+00 2.731214791553184362e+00 2.303976723876406840e+00
1.263225061921613213e+00 2.103817964819644892e+00 2.308688722531670123e+00
1.736794633588907066e+00 2.697627554246087911e+00 3.941281556301454714e+00
9.238405292036989680e-01 1.928614335068753682e+00 3.041968585792647062e+00
2.300306328709057713e+00 6.462580095819822068e-01 4.894824591969944905e+00
2.648261662703495389e+00 1.220686809478335189e-01 5.836618785288504085e+00
1.010070811949471681e+00 9.901412605117458909e-01 4.989829780930081782e+00
2.381748119456859492e+00 4.060792693004122711e-01 5.628834340599961905e-01
8.330982706700181817e-01 2.167001495289115454e+00 4.809750418938683936e+00
1.439249187018903697e+00 2.555567939058190241e+00 4.142955476941754256e+00
1.493846012498140752e+00 1.489859283635602827e+00 1.771809712585246999e+00
1.450509358261508286e+00 2.585641191069107947e-01 1.893577266222753686e+00
3.475942165620351521e+00 2.899550053403380900e+00 4.975010645430469225e+00
2.345848056455636321e+00 2.503392788713245221e+00 4.564581358206014627e+00
3.811055846031877081e+00 3.070369520816424114e+00 1.025771113916047916e+00
2.325019451440298646e+00 4.674912183647979003e-01 4.357588841424497872e+00
2.368291616785068499e+00 2.535917328156387374e+00 4.389947438315854100e+00
1.373794369187043563e+00 3.576269713985007481e-01 5.512479194187518416e+00
2.681384818168998763e+00 2.800331326407605737e+00 2.470122752636362495e+00
1.947991017933013103e+00 4.190247340035633261e-01 1.202059097387547126e+00
2.305295021945926504e+00 2.443602043183216388e+00 4.405081823205268421e+00
